0.000008 0.000017 0.000025 0.000032 0.000040 0.000047 0.000054 0.000060 0.000066 0.000071 0.000076 0.000079 0.000083 0.000085 0.000086 0.000087 0.000087 0.000086 0.000085 0.000083 0.000079 0.000076 0.000071 0.000066 0.000060 0.000054 0.000047 0.000040 0.000032 0.000025 0.000017 0.000008
0.000017 0.000033 0.000049 0.000065 0.000080 0.000094 0.000108 0.000120 0.000131 0.000142 0.000151 0.000158 0.000164 0.000169 0.000172 0.000174 0.000174 0.000172 0.000169 0.000164 0.000158 0.000151 0.000142 0.000131 0.000120 0.000108 0.000094 0.000080 0.000065 0.000049 0.000033 0.000017
0.000025 0.000049 0.000073 0.000096 0.000119 0.000140 0.000160 0.000179 0.000196 0.000211 0.000224 0.000236 0.000245 0.000252 0.000256 0.000259 0.000259 0.000256 0.000252 0.000245 0.000236 0.000224 0.000211 0.000196 0.000179 0.000160 0.000140 0.000119 0.000096 0.000073 0.000049 0.000025
0.000032 0.000065 0.000096 0.000127 0.000157 0.000185 0.000211 0.000236 0.000258 0.000278 0.000296 0.000311 0.000323 0.000332 0.000338 0.000341 0.000341 0.000338 0.000332 0.000323 0.000311 0.000296 0.000278 0.000258 0.000236 0.000211 0.000185 0.000157 0.000127 0.000096 0.000065 0.000032
0.000040 0.000080 0.000119 0.000157 0.000193 0.000228 0.000260 0.000291 0.000318 0.000343 0.000365 0.000383 0.000398 0.000409 0.000417 0.000421 0.000421 0.000417 0.000409 0.000398 0.000383 0.000365 0.000343 0.000318 0.000291 0.000260 0.000228 0.000193 0.000157 0.000119 0.000080 0.000040
0.000047 0.000094 0.000140 0.000185 0.000228 0.000269 0.000307 0.000343 0.000375 0.000405 0.000430 0.000452 0.000470 0.000483 0.000492 0.000496 0.000496 0.000492 0.000483 0.000470 0.000452 0.000430 0.000405 0.000375 0.000343 0.000307 0.000269 0.000228 0.000185 0.000140 0.000094 0.000047
0.000054 0.000108 0.000160 0.000211 0.000260 0.000307 0.000351 0.000392 0.000429 0.000463 0.000492 0.000517 0.000537 0.000552 0.000562 0.000567 0.000567 0.000562 0.000552 0.000537 0.000517 0.000492 0.000463 0.000429 0.000392 0.000351 0.000307 0.000260 0.000211 0.000160 0.000108 0.000054
0.000060 0.000120 0.000179 0.000236 0.000291 0.000343 0.000392 0.000438 0.000479 0.000517 0.000549 0.000577 0.000599 0.000616 0.000628 0.000633 0.000633 0.000628 0.000616 0.000599 0.000577 0.000549 0.000517 0.000479 0.000438 0.000392 0.000343 0.000291 0.000236 0.000179 0.000120 0.000060
0.000066 0.000131 0.000196 0.000258 0.000318 0.000375 0.000429 0.000479 0.000525 0.000566 0.000601 0.000632 0.000656 0.000675 0.000687 0.000694 0.000694 0.000687 0.000675 0.000656 0.000632 0.000601 0.000566 0.000525 0.000479 0.000429 0.000375 0.000318 0.000258 0.000196 0.000131 0.000066
0.000071 0.000142 0.000211 0.000278 0.000343 0.000405 0.000463 0.000517 0.000566 0.000610 0.000648 0.000681 0.000707 0.000727 0.000741 0.000748 0.000748 0.000741 0.000727 0.000707 0.000681 0.000648 0.000610 0.000566 0.000517 0.000463 0.000405 0.000343 0.000278 0.000211 0.000142 0.000071
0.000076 0.000151 0.000224 0.000296 0.000365 0.000430 0.000492 0.000549 0.000601 0.000648 0.000689 0.000724 0.000752 0.000773 0.000788 0.000795 0.000795 0.000788 0.000773 0.000752 0.000724 0.000689 0.000648 0.000601 0.000549 0.000492 0.000430 0.000365 0.000296 0.000224 0.000151 0.000076
0.000079 0.000158 0.000236 0.000311 0.000383 0.000452 0.000517 0.000577 0.000632 0.000681 0.000724 0.000760 0.000790 0.000812 0.000827 0.000835 0.000835 0.000827 0.000812 0.000790 0.000760 0.000724 0.000681 0.000632 0.000577 0.000517 0.000452 0.000383 0.000311 0.000236 0.000158 0.000079
0.000083 0.000164 0.000245 0.000323 0.000398 0.000470 0.000537 0.000599 0.000656 0.000707 0.000752 0.000790 0.000821 0.000844 0.000860 0.000867 0.000867 0.000860 0.000844 0.000821 0.000790 0.000752 0.000707 0.000656 0.000599 0.000537 0.000470 0.000398 0.000323 0.000245 0.000164 0.000083
0.000085 0.000169 0.000252 0.000332 0.000409 0.000483 0.000552 0.000616 0.000675 0.000727 0.000773 0.000812 0.000844 0.000868 0.000884 0.000892 0.000892 0.000884 0.000868 0.000844 0.000812 0.000773 0.000727 0.000675 0.000616 0.000552 0.000483 0.000409 0.000332 0.000252 0.000169 0.000085
0.000086 0.000172 0.000256 0.000338 0.000417 0.000492 0.000562 0.000628 0.000687 0.000741 0.000788 0.000827 0.000860 0.000884 0.000900 0.000909 0.000909 0.000900 0.000884 0.000860 0.000827 0.000788 0.000741 0.000687 0.000628 0.000562 0.000492 0.000417 0.000338 0.000256 0.000172 0.000086
0.000087 0.000174 0.000259 0.000341 0.000421 0.000496 0.000567 0.000633 0.000694 0.000748 0.000795 0.000835 0.000867 0.000892 0.000909 0.000917 0.000917 0.000909 0.000892 0.000867 0.000835 0.000795 0.000748 0.000694 0.000633 0.000567 0.000496 0.000421 0.000341 0.000259 0.000174 0.000087
0.000087 0.000174 0.000259 0.000341 0.000421 0.000496 0.000567 0.000633 0.000694 0.000748 0.000795 0.000835 0.000867 0.000892 0.000909 0.000917 0.000917 0.000909 0.000892 0.000867 0.000835 0.000795 0.000748 0.000694 0.000633 0.000567 0.000496 0.000421 0.000341 0.000259 0.000174 0.000087
0.000086 0.000172 0.000256 0.000338 0.000417 0.000492 0.000562 0.000628 0.000687 0.000741 0.000788 0.000827 0.000860 0.000884 0.000900 0.000909 0.000909 0.000900 0.000884 0.000860 0.000827 0.000788 0.000741 0.000687 0.000628 0.000562 0.000492 0.000417 0.000338 0.000256 0.000172 0.000086
0.000085 0.000169 0.000252 0.000332 0.000409 0.000483 0.000552 0.000616 0.000675 0.000727 0.000773 0.000812 0.000844 0.000868 0.000884 0.000892 0.000892 0.000884 0.000868 0.000844 0.000812 0.000773 0.000727 0.000675 0.000616 0.000552 0.000483 0.000409 0.000332 0.000252 0.000169 0.000085
0.000083 0.000164 0.000245 0.000323 0.000398 0.000470 0.000537 0.000599 0.000656 0.000707 0.000752 0.000790 0.000821 0.000844 0.000860 0.000867 0.000867 0.000860 0.000844 0.000821 0.000790 0.000752 0.000707 0.000656 0.000599 0.000537 0.000470 0.000398 0.000323 0.000245 0.000164 0.000083
0.000079 0.000158 0.000236 0.000311 0.000383 0.000452 0.000517 0.000577 0.000632 0.000681 0.000724 0.000760 0.000790 0.000812 0.000827 0.000835 0.000835 0.000827 0.000812 0.000790 0.000760 0.000724 0.000681 0.000632 0.000577 0.000517 0.000452 0.000383 0.000311 0.000236 0.000158 0.000079
0.000076 0.000151 0.000224 0.000296 0.000365 0.000430 0.000492 0.000549 0.000601 0.000648 0.000689 0.000724 0.000752 0.000773 0.000788 0.000795 0.000795 0.000788 0.000773 0.000752 0.000724 0.000689 0.000648 0.000601 0.000549 0.000492 0.000430 0.000365 0.000296 0.000224 0.000151 0.000076
0.000071 0.000142 0.000211 0.000278 0.000343 0.000405 0.000463 0.000517 0.000566 0.000610 0.000648 0.000681 0.000707 0.000727 0.000741 0.000748 0.000748 0.000741 0.000727 0.000707 0.000681 0.000648 0.000610 0.000566 0.000517 0.000463 0.000405 0.000343 0.000278 0.000211 0.000142 0.000071
0.000066 0.000131 0.000196 0.000258 0.000318 0.000375 0.000429 0.000479 0.000525 0.000566 0.000601 0.000632 0.000656 0.000675 0.000687 0.000694 0.000694 0.000687 0.000675 0.000656 0.000632 0.000601 0.000566 0.000525 0.000479 0.000429 0.000375 0.000318 0.000258 0.000196 0.000131 0.000066
0.000060 0.000120 0.000179 0.000236 0.000291 0.000343 0.000392 0.000438 0.000479 0.000517 0.000549 0.000577 0.000599 0.000616 0.000628 0.000633 0.000633 0.000628 0.000616 0.000599 0.000577 0.000549 0.000517 0.000479 0.000438 0.000392 0.000343 0.000291 0.000236 0.000179 0.000120 0.000060
0.000054 0.000108 0.000160 0.000211 0.000260 0.000307 0.000351 0.000392 0.000429 0.000463 0.000492 0.000517 0.000537 0.000552 0.000562 0.000567 0.000567 0.000562 0.000552 0.000537 0.000517 0.000492 0.000463 0.000429 0.000392 0.000351 0.000307 0.000260 0.000211 0.000160 0.000108 0.000054
0.000047 0.000094 0.000140 0.000185 0.000228 0.000269 0.000307 0.000343 0.000375 0.000405 0.000430 0.000452 0.000470 0.000483 0.000492 0.000496 0.000496 0.000492 0.000483 0.000470 0.000452 0.000430 0.000405 0.000375 0.000343 0.000307 0.000269 0.000228 0.000185 0.000140 0.000094 0.000047
0.000040 0.000080 0.000119 0.000157 0.000193 0.000228 0.000260 0.000291 0.000318 0.000343 0.000365 0.000383 0.000398 0.000409 0.000417 0.000421 0.000421 0.000417 0.000409 0.000398 0.000383 0.000365 0.000343 0.000318 0.000291 0.000260 0.000228 0.000193 0.000157 0.000119 0.000080 0.000040
0.000032 0.000065 0.000096 0.000127 0.000157 0.000185 0.000211 0.000236 0.000258 0.000278 0.000296 0.000311 0.000323 0.000332 0.000338 0.000341 0.000341 0.000338 0.000332 0.000323 0.000311 0.000296 0.000278 0.000258 0.000236 0.000211 0.000185 0.000157 0.000127 0.000096 0.000065 0.000032
0.000025 0.000049 0.000073 0.000096 0.000119 0.000140 0.000160 0.000179 0.000196 0.000211 0.000224 0.000236 0.000245 0.000252 0.000256 0.000259 0.000259 0.000256 0.000252 0.000245 0.000236 0.000224 0.000211 0.000196 0.000179 0.000160 0.000140 0.000119 0.000096 0.000073 0.000049 0.000025
0.000017 0.000033 0.000049 0.000065 0.000080 0.000094 0.000108 0.000120 0.000131 0.000142 0.000151 0.000158 0.000164 0.000169 0.000172 0.000174 0.000174 0.000172 0.000169 0.000164 0.000158 0.000151 0.000142 0.000131 0.000120 0.000108 0.000094 0.000080 0.000065 0.000049 0.000033 0.000017
0.000008 0.000017 0.000025 0.000032 0.000040 0.000047 0.000054 0.000060 0.000066 0.000071 0.000076 0.000079 0.000083 0.000085 0.000086 0.000087 0.000087 0.000086 0.000085 0.000083 0.000079 0.000076 0.000071 0.000066 0.000060 0.000054 0.000047 0.000040 0.000032 0.000025 0.000017 0.000008
