0.000117 0.000230 0.000336 0.000430 0.000509 0.000571 0.000613 0.000635 0.000635 0.000613 0.000571 0.000509 0.000430 0.000336 0.000230 0.000117
0.000230 0.000453 0.000660 0.000845 0.001000 0.001122 0.001206 0.001248 0.001248 0.001206 0.001122 0.001000 0.000845 0.000660 0.000453 0.000230
0.000336 0.000660 0.000962 0.001231 0.001458 0.001635 0.001757 0.001819 0.001819 0.001757 0.001635 0.001458 0.001231 0.000962 0.000660 0.000336
0.000430 0.000845 0.001231 0.001575 0.001866 0.002093 0.002249 0.002328 0.002328 0.002249 0.002093 0.001866 0.001575 0.001231 0.000845 0.000430
0.000509 0.001000 0.001458 0.001866 0.002210 0.002479 0.002663 0.002757 0.002757 0.002663 0.002479 0.002210 0.001866 0.001458 0.001000 0.000509
0.000571 0.001122 0.001635 0.002093 0.002479 0.002781 0.002988 0.003093 0.003093 0.002988 0.002781 0.002479 0.002093 0.001635 0.001122 0.000571
0.000613 0.001206 0.001757 0.002249 0.002663 0.002988 0.003210 0.003323 0.003323 0.003210 0.002988 0.002663 0.002249 0.001757 0.001206 0.000613
0.000635 0.001248 0.001819 0.002328 0.002757 0.003093 0.003323 0.003441 0.003441 0.003323 0.003093 0.002757 0.002328 0.001819 0.001248 0.000635
0.000635 0.001248 0.001819 0.002328 0.002757 0.003093 0.003323 0.003441 0.003441 0.003323 0.003093 0.002757 0.002328 0.001819 0.001248 0.000635
0.000613 0.001206 0.001757 0.002249 0.002663 0.002988 0.003210 0.003323 0.003323 0.003210 0.002988 0.002663 0.002249 0.001757 0.001206 0.000613
0.000571 0.001122 0.001635 0.002093 0.002479 0.002781 0.002988 0.003093 0.003093 0.002988 0.002781 0.002479 0.002093 0.001635 0.001122 0.000571
0.000509 0.001000 0.001458 0.001866 0.002210 0.002479 0.002663 0.002757 0.002757 0.002663 0.002479 0.002210 0.001866 0.001458 0.001000 0.000509
0.000430 0.000845 0.001231 0.001575 0.001866 0.002093 0.002249 0.002328 0.002328 0.002249 0.002093 0.001866 0.001575 0.001231 0.000845 0.000430
0.000336 0.000660 0.000962 0.001231 0.001458 0.001635 0.001757 0.001819 0.001819 0.001757 0.001635 0.001458 0.001231 0.000962 0.000660 0.000336
0.000230 0.000453 0.000660 0.000845 0.001000 0.001122 0.001206 0.001248 0.001248 0.001206 0.001122 0.001000 0.000845 0.000660 0.000453 0.000230
0.000117 0.000230 0.000336 0.000430 0.000509 0.000571 0.000613 0.000635 0.000635 0.000613 0.000571 0.000509 0.000430 0.000336 0.000230 0.000117
