0.001459 0.002742 0.003694 0.004201 0.004201 0.003694 0.002742 0.001459
0.002742 0.005153 0.006943 0.007895 0.007895 0.006943 0.005153 0.002742
0.003694 0.006943 0.009354 0.010637 0.010637 0.009354 0.006943 0.003694
0.004201 0.007895 0.010637 0.012096 0.012096 0.010637 0.007895 0.004201
0.004201 0.007895 0.010637 0.012096 0.012096 0.010637 0.007895 0.004201
0.003694 0.006943 0.009354 0.010637 0.010637 0.009354 0.006943 0.003694
0.002742 0.005153 0.006943 0.007895 0.007895 0.006943 0.005153 0.002742
0.001459 0.002742 0.003694 0.004201 0.004201 0.003694 0.002742 0.001459
